19345
52255
36420
41740
24572
16926
20565
23765
8250
17589
43696
44703
35584
40855
35049
43341
47859
53727
43607
5307
59216
47064
60275
60998
17961
46909
24583
56923
37632
26653
32353
17696
7757
33147
7649
50650
36536
6177
20332
59415
28666
42087
35882
23474
28536
28894
33095
11077
45133
62536
62965
5649
63845
40261
13942
61717
1392
61944
54025
15606
57144
53635
53088
42491
47744
40308
64998
23289
64293
5550
52518
43428
18269
34496
21483
6358
22362
22751
44491
60916
18962
8559
29922
12386
17773
41490
16807
32372
3276
62243
63111
29080
38229
52321
19792
38176
55462
4560
42951
43713
46528
40036
50777
56223
25277
35491
28367
41726
10480
9419
40094
31328
5694
46790
58408
15548
16996
24715
52470
41259
56190
14195
3187
17344
37631
41254
28038
18197
16697
20232
31112
24804
49772
61408
32536
63983
39569
37128
43792
11191
54776
51458
37405
47001
47462
28489
48585
22665
3609
43111
47429
62938
27174
65199
22560
36773
38238
46839
55006
12185
47913
27190
18892
37047
13450
35030
3421
34980
26415
61230
33678
58276
8444
17509
65211
23383
28595
59886
58185
32341
50117
47704
37264
52698
4351
28253
53261
30006
2295
61314
9760
57031
48979
9226
51417
619
24595
22812
32948
45914
51588
41423
55321
60927
6064
38053
12784
21405
37592
20765
21812
42891
10154
46240
61724
27427
4885
62838
31919
12316
52865
21459
12143
5940
28930
20670
11942
18776
40886
32964
9954
17818
6348
337
37563
15649
49735
15256
51748
43358
42257
41754
30639
63291
10153
45217
18077
54568
20098
28953
1081
6332
29892
37407
15534
40214
23393
8449
46564
9016
12268
62500
28052
31805
13646
30454
47620
55293
34770
54668
24978
23579
24859
7039
25594
28126
45275
4462
29792
50877
37288
37433
58215
20028
26478
52381
51440
15971
29691
52209
25609
41069
40727
37619
57604
12235
40980
45842
28754
2217
51093
16531
63547
46726
20268
15783
50945
42512
23088
33634
52600
13562
5481
1109
54092
35199
37618
14676
14556
37876
57907
6662
40535
38211
21147
12370
51112
55266
63400
58425
24602
62426
10086
54492
39626
39974
24305
39
52449
6746
25604
11436
61414
61209
40037
54565
56340
39213
64862
4845
4122
64421
3004
20745
3050
54318
41203
3042
56022
59282
22987
28532
5428
6503
5890
11778
50815
20472
1668
39224
39286
29679
36030
36579
64450
55131
46894
40269
38101
1713
54327
23176
9150
19321
26134
260
17598
45331
212
15319
40050
709
10802
43377
49959
15825
2157
1372
2587
13326
26217
27698
52703
25203
14947
39322
42856
13546
44423
59923
4183
25660
28498
60042
18865
48575
36104
12854
52668
19843
52544
34822
51609
35996
48700
4277
63597
15548
56646
40274
25544
568
62087
38900
39697
31925
31030
28145
45213
40632
35998
26634
63195
50120
51377
23154
1304
38444
7702
29696
57794
11775
7840
13820
27208
3797
28081
35026
48834
17527
2340
15791
56324
64925
8224
42592
57688
43644
20306
21284
10945
65380
55872
20169
19689
55067
59735
13226
44996
4
55553
19676
34737
38974
14563
17933
65031
64041
34935
5777
43116
64125
59632
16625
56714
40292
39119
56517
56552
38717
58687
23586
10736
12828
27931
36254
26393
14532
52008
63322
41110
42298
34107
35661
30064
14953
3732
41318
17811
16305
45392
40237
19078
2294
53054
12957
51774
12372
29311
44375
57185
44518
912
15899
19250
47230
59892
14650
35547
24100
12224
30007
52974
32400
7270
63442
16380
39778
22773
47390
10633
17225
7569
7294
42058
38201
17832
32398
19733
63861
60517
51611
38494
7581
25982
55316
39330
2426
26079
47722
48196
45674
60493
62297
29456
23740
47562
59351
22639
54276
50458
5709
15887
42734
14814
61487
62297
8014
808
12619
59647
17843
12540
21983
24317
26496
24701
60282
20636
63795
44414
15811
14548
23191
10860
42761
9108
43657
52947
12710
22029
4450
46593
23320
25469
28450
13283
36847
29959
19058
6001
18775
17619
64126
40190
48552
9831
62828
24796
34223
64226
47587
45367
58458
8006
8835
7676
65174
61386
59383
7302
348
3401
24591
7085
13510
1034
80
59664
20642
38052
3733
52042
6528
46135
7536
2908
43302
22365
14777
47961
39587
28360
62909
38511
13679
50260
4826
45057
15399
63272
24159
61953
3800
62421
16475
57152
48849
28276
29993
47694
42644
1737
53985
46567
15417
32138
54508
42556
37797
21699
55296
21441
20577
10078
33229
60869
20775
13444
12322
40567
57738
64946
36246
12271
46254
20902
33689
25622
55034
52649
52750
50368
26795
20891
61752
34628
38882
23761
25023
48368
33535
294
22236
39045
31651
31389
10715
36428
25654
25329
58041
37168
27914
32102
53773
37126
26651
48900
62044
40415
57945
15730
31080
65398
38041
16926
8887
1918
62499
50076
37317
7920
24589
54086
55980
21336
52579
11402
5454
38338
56470
34070
34780
41900
59198
46242
50164
46978
4597
28557
15294
15284
33646
31775
46354
48685
5133
52855
21817
52014
41016
22004
11146
31702
28702
63398
26964
52933
12652
57192
17676
3535
57144
7063
43942
58355
49628
12693
53081
32664
51355
51784
44447
26682
49462
47407
18615
6405
742
58684
27097
7363
43590
9284
53996
18519
28513
65295
14080
53452
56818
57564
43615
46651
32439
10253
27665
18033
34699
23200
34128
5881
27371
52901
13801
40628
7996
247
6455
47421
63077
43449
23666
39644
10154
8770
59066
43067
52318
39455
31720
60028
37915
54298
22228
29737
13063
4045
34042
36556
56502
29640
9745
22854
39987
50831
11472
5409
9898
50516
5381
35562
50527
40255
21540
2975
3663
23258
55132
56666
33892
57807
21260
40074
37271
47373
17693
58962
4649
43955
34083
44484
20826
41243
58392
61836
41248
50547
26644
15189
57434
845
63885
54200
20847
13674
7378
58648
7934
24856
30319
48022
8446
44288
8703
53488
45874
53381
15094
40510
18910
1261
44084
5128
33760
26141
24654
49343
40373
29768
5957
53011
49131
34241
29073
11930
53542
24427
35241
2705
24750
32273
49003
41426
22112
29444
2463
10625
18530
56667
17412
32383
23125
16070
61885
31248
5349
8752
57123
2352
46136
43676
59653
1319
32721
50449
3219
60558
6976
28759
16543
16105
44252
7118
39235
30703
49888
15143
57310
41864
6110
17055
17850
48617
37348
11627
46393
40188
60437
2558
46773
57102
34088
21662
63815
18305
28265
58311
36653
